500  19
1 1.3 0.983 1.032 
2 0.662 0.362 0.312 
3 0.436 0.294 0.256 
4 0.401 0.249 0.237 
5 0.497 0.351 0.366 
6 0.506 0.336 0.329 
7 0.465 0.321 0.315 
8 0.468 0.329 0.312 
9 0.482 0.308 0.325 
10 0.361 0.243 0.307 
30 0.441 0.295 0.286 
50 0.418 0.283 0.288 
70 0.44 0.316 0.259 
90 0.447 0.305 0.288 
100 0.444 0.354 0.32 
200 0.411 0.363 0.283 
300 0.386 0.296 0.354 
400 0.394 0.37 0.445 
500 0.422 0.439 0.452 
500 29
1 1.404 1.028 1.079 
2 0.753 0.473 0.31 
3 0.513 0.446 0.436 
4 0.571 0.375 0.373 
5 0.552 0.394 0.378 
6 0.522 0.332 0.322 
7 0.496 0.365 0.303 
8 0.397 0.244 0.227 
9 0.401 0.304 0.245 
10 0.407 0.238 0.211 
20 0.371 0.231 0.245 
25 0.428 0.246 0.214 
30 0.366 0.227 0.21 
35 0.418 0.284 0.259 
40 0.474 0.282 0.249 
45 0.422 0.272 0.216 
50 0.36 0.224 0.242 
55 0.489 0.293 0.263 
60 0.414 0.329 0.254 
70 0.427 0.296 0.279 
80 0.46 0.38 0.252 
90 0.464 0.358 0.281 
100 0.43 0.302 0.271 
150 0.496 0.385 0.306 
200 0.53 0.478 0.305 
250 0.501 0.366 0.373 
300 0.52 0.47 0.429 
400 0.515 0.475 0.447 
500 0.527 0.457 0.521
1000  24
1 9.849 8.962 8.188 
2 4.86 3.002 2.763 
3 4.116 3.407 2.842 
4 4.238 2.292 2.009 
5 3.236 2.012 1.889 
6 3.071 2.453 2.671 
7 3.495 2.598 2.502 
8 3.21 1.936 1.758 
9 2.995 2.49 2.372 
10 3.26 2.402 2.375 
30 3.053 2.271 1.908 
50 2.952 1.729 1.601 
70 2.771 1.988 1.766 
90 3.76 2.517 2.038 
100 3.711 2.241 2.22 
200 3.768 2.464 2.5 
300 3.761 2.895 2.273 
400 3.653 3.479 2.459 
500 3.151 2.077 2.071 
600 3.195 2.72 3.337 
700 4.148 3.795 2.783 
800 3.565 3.104 3.116 
900 3.924 4.734 4.511 
1000 5.025 4.998 4.02 
2000  37
1 105.61 71.807 70.411 
2 54.33 31.214 29.088 
3 34.801 22.907 22.328 
4 30.279 19.376 21.046 
5 29.182 20.994 18.914 
6 27.719 18.727 16.324 
7 25.787 17.227 15.428 
8 26.082 15.111 16.106 
9 24.057 15.782 14.63 
10 24.124 16.66 14.828 
30 22.234 16.516 12.006 
35 24.986 16.279 14.019 
40 24.883 14.923 14.895 
45 23.456 13.639 15.043 
50 27.174 15.556 14.763 
70 26.475 15.915 14.971 
90 25.853 16.789 15.236 
100 26.612 16.175 14.702 
200 25.226 17.179 15.458 
300 26.5 18.785 15.671 
400 27.129 21.381 20.914 
500 31.664 21.197 19.077 
600 30.965 22.599 20.417 
700 34.395 27.547 20.296 
800 34.226 29.437 21.745 
900 36.542 32.641 21.903 
1000 36.354 25.991 22.595 
1100 37.069 26.134 24.349 
1200 39.088 28.093 31.859 
1300 39.752 32.848 28.212 
1400 38.545 31.903 30.574 
1500 37.689 31.088 31.116 
1600 38.269 34.708 35.171 
1700 41.1 39.236 38.848 
1800 43.33 41.447 42.195 
1900 45.418 44.547 45.013 
2000 46.275 46.002 44.615 
500  28
1 1.377 1.055 1.157 
2 0.575 0.544 0.55 
3 0.579 0.464 0.438 
4 0.529 0.395 0.433 
5 0.6 0.417 0.352 
6 0.6 0.41 0.348 
7 0.432 0.321 0.327 
8 0.527 0.326 0.316 
9 0.486 0.337 0.323 
10 0.482 0.331 0.338 
20 0.52 0.365 0.377 
25 0.522 0.319 0.224 
30 0.405 0.239 0.242 
35 0.425 0.278 0.243 
40 0.417 0.284 0.239 
45 0.408 0.269 0.236 
50 0.512 0.247 0.265 
55 0.386 0.27 0.264 
60 0.378 0.278 0.228 
70 0.385 0.25 0.218 
80 0.376 0.305 0.23 
90 0.425 0.232 0.263 
100 0.405 0.294 0.302 
110 0.375 0.356 0.363 
200 0.497 0.455 0.342 
300 0.554 0.412 0.418 
400 0.511 0.551 0.549 
500 0.738 0.547 0.515 






 






